For channel RY.MOY.LHN:
ZEROS 6
0.000000e+00 0.000000e+00
0.000000e+00 0.000000e+00
-1.204664e+03 0.000000e+00
7.711665e+02 0.000000e+00
-1.106016e-03 0.000000e+00
POLES 5
-1.721882e+00 3.166232e+00
-1.721882e+00 -3.166232e+00
-1.201004e+01 0.000000e+00
-9.729515e-01 0.000000e+00
-3.878985e+02 0.000000e+00
CONSTANT 1.626916e+02

For channel RY.MOY.LHE:
ZEROS 6
0.000000e+00 0.000000e+00
0.000000e+00 0.000000e+00
-9.719128e+00 0.000000e+00
-6.126548e-04 0.000000e+00
3.200685e+02 0.000000e+00
POLES 5
-1.735782e+00 3.157525e+00
-1.735782e+00 -3.157525e+00
-9.708364e-01 0.000000e+00
-1.098170e+01 0.000000e+00
-1.052737e+01 0.000000e+00
CONSTANT 1.205427e+03

For channel RY.MOY.LHZ:
ZEROS 6
0.000000e+00 0.000000e+00
0.000000e+00 0.000000e+00
1.894246e+02 0.000000e+00
-6.928969e+01 0.000000e+00
6.108283e-05 0.000000e+00
POLES 5
-1.655205e+00 3.198770e+00
-1.655205e+00 -3.198770e+00
-6.280104e+01 0.000000e+00
-1.218084e+01 0.000000e+00
-9.623168e-01 0.000000e+00
CONSTANT 1.875331e+03

