For channel RY.UURS.MHN:
ZEROS 6
0.000000e+00 0.000000e+00
0.000000e+00 0.000000e+00
-2.585309e+01 0.000000e+00
1.319575e-02 0.000000e+00
2.914175e+03 0.000000e+00
POLES 5
-1.606571e+00 3.467129e+00
-1.606571e+00 -3.467129e+00
-9.501676e-01 0.000000e+00
-1.249058e+01 0.000000e+00
-2.584636e+01 0.000000e+00
CONSTANT 2.291117e+02

For channel RY.UURS.MHE:
ZEROS 6
0.000000e+00 0.000000e+00
0.000000e+00 0.000000e+00
3.900411e-03 0.000000e+00
-9.273619e+01 0.000000e+00
1.815282e+02 0.000000e+00
POLES 5
-2.431310e+00 5.013845e+00
-2.431310e+00 -5.013845e+00
-1.094503e+00 0.000000e+00
-1.396151e+01 0.000000e+00
-7.945389e+01 0.000000e+00
CONSTANT 1.622810e+03

For channel RY.UURS.MHZ:
ZEROS 6
0.000000e+00 0.000000e+00
0.000000e+00 0.000000e+00
-1.060443e+02 0.000000e+00
-3.370538e+01 0.000000e+00
2.936530e+02 0.000000e+00
POLES 5
-2.504335e+00 5.466022e+00
-2.504335e+00 -5.466022e+00
-1.975221e+01 0.000000e+00
-2.005852e+01 0.000000e+00
-6.115523e+02 0.000000e+00
CONSTANT 3.918825e+03

For channel RY.UURS.MHN:
ZEROS 6
0.000000e+00 0.000000e+00
0.000000e+00 0.000000e+00
9.783852e-05 0.000000e+00
-1.765185e+02 0.000000e+00
6.128323e+02 0.000000e+00
POLES 5
-1.606569e+00 3.467138e+00
-1.606569e+00 -3.467138e+00
-1.690239e+02 0.000000e+00
-1.249024e+01 0.000000e+00
-9.499830e-01 0.000000e+00
CONSTANT 1.043463e+03

For channel RY.UURS.MHE:
ZEROS 6
0.000000e+00 0.000000e+00
0.000000e+00 0.000000e+00
-2.074957e+01 0.000000e+00
-1.169697e-03 0.000000e+00
2.083233e+02 0.000000e+00
POLES 5
-2.421773e+00 5.008782e+00
-2.421773e+00 -5.008782e+00
-1.062232e+00 0.000000e+00
-1.752269e+01 0.000000e+00
-1.610367e+01 0.000000e+00
CONSTANT 1.592316e+03

For channel RY.UURS.MHZ:
ZEROS 6
0.000000e+00 0.000000e+00
0.000000e+00 0.000000e+00
1.899761e+02 0.000000e+00
-3.109993e-04 0.000000e+00
-5.711264e+01 0.000000e+00
POLES 5
-2.604016e+00 5.414215e+00
-2.604016e+00 -5.414215e+00
-1.315794e+01 0.000000e+00
-5.232411e+01 0.000000e+00
-1.122174e+00 0.000000e+00
CONSTANT 1.162025e+03

For channel RY.UURS.MHN:
ZEROS 6
0.000000e+00 0.000000e+00
0.000000e+00 0.000000e+00
-2.473595e-03 0.000000e+00
3.115921e+02 0.000000e+00
-5.090726e+01 0.000000e+00
POLES 5
-1.605881e+00 3.467466e+00
-1.605881e+00 -3.467466e+00
-9.464320e-01 0.000000e+00
-4.945498e+01 0.000000e+00
-1.253659e+01 0.000000e+00
CONSTANT 2.088104e+03

For channel RY.UURS.MHE:
ZEROS 6
0.000000e+00 0.000000e+00
0.000000e+00 0.000000e+00
-2.567115e-03 0.000000e+00
2.454473e+02 0.000000e+00
-3.568155e+01 0.000000e+00
POLES 5
-2.428687e+00 5.012800e+00
-2.428687e+00 -5.012800e+00
-1.085795e+00 0.000000e+00
-1.414779e+01 0.000000e+00
-3.404220e+01 0.000000e+00
CONSTANT 1.351013e+03

For channel RY.UURS.MHZ:
ZEROS 6
0.000000e+00 0.000000e+00
0.000000e+00 0.000000e+00
4.139648e+02 0.000000e+00
-4.167148e+01 0.000000e+00
-1.437326e-02 0.000000e+00
POLES 5
-2.606350e+00 5.415197e+00
-2.606350e+00 -5.415197e+00
-1.306110e+01 0.000000e+00
-4.099254e+01 0.000000e+00
-1.130544e+00 0.000000e+00
CONSTANT 5.695754e+02

For channel RY.UURS.MHN:
ZEROS 6
0.000000e+00 0.000000e+00
0.000000e+00 0.000000e+00
-5.730640e+00 0.000000e+00
-4.116154e-03 0.000000e+00
2.374577e+02 0.000000e+00
POLES 5
-1.603060e+00 3.464289e+00
-1.603060e+00 -3.464289e+00
-1.212973e+01 0.000000e+00
-9.318024e-01 0.000000e+00
-5.883200e+00 0.000000e+00
CONSTANT 2.779596e+03

For channel RY.UURS.MHE:
ZEROS 6
0.000000e+00 0.000000e+00
0.000000e+00 0.000000e+00
1.012592e-03 0.000000e+00
2.785055e+02 0.000000e+00
-3.547034e+01 0.000000e+00
POLES 5
-2.429550e+00 5.013136e+00
-2.429550e+00 -5.013136e+00
-1.409102e+01 0.000000e+00
-3.419779e+01 0.000000e+00
-1.088608e+00 0.000000e+00
CONSTANT 1.199331e+03

For channel RY.UURS.MHZ:
ZEROS 6
0.000000e+00 0.000000e+00
0.000000e+00 0.000000e+00
3.328435e+02 0.000000e+00
6.185183e-04 0.000000e+00
-3.669433e+01 0.000000e+00
POLES 5
-2.605430e+00 5.414640e+00
-2.605430e+00 -5.414640e+00
-3.580865e+01 0.000000e+00
-1.311498e+01 0.000000e+00
-1.127054e+00 0.000000e+00
CONSTANT 7.049962e+02

For channel RY.UURS.MHN:
ZEROS 6
0.000000e+00 0.000000e+00
0.000000e+00 0.000000e+00
3.150327e+02 0.000000e+00
-1.602953e+00 0.000000e+00
-2.556498e-02 0.000000e+00
POLES 5
-1.607391e+00 3.463576e+00
-1.607391e+00 -3.463576e+00
-1.236483e+01 0.000000e+00
-1.662793e+00 0.000000e+00
-9.059240e-01 0.000000e+00
CONSTANT 2.107466e+03

For channel RY.UURS.MHE:
ZEROS 6
0.000000e+00 0.000000e+00
0.000000e+00 0.000000e+00
4.595323e-04 0.000000e+00
-2.185473e+02 0.000000e+00
2.411292e+02 0.000000e+00
POLES 5
-2.432586e+00 5.014188e+00
-2.432586e+00 -5.014188e+00
-1.390002e+01 0.000000e+00
-1.098740e+00 0.000000e+00
-1.594990e+02 0.000000e+00
CONSTANT 1.037224e+03

For channel RY.UURS.MHZ:
ZEROS 6
0.000000e+00 0.000000e+00
0.000000e+00 0.000000e+00
-6.973707e+01 0.000000e+00
2.216473e+02 0.000000e+00
-2.936055e-02 0.000000e+00
POLES 5
-2.605660e+00 5.415011e+00
-2.605660e+00 -5.415011e+00
-6.448426e+01 0.000000e+00
-1.128706e+00 0.000000e+00
-1.308060e+01 0.000000e+00
CONSTANT 1.000878e+03

