For channel TBK.MHN:
ZEROS 6
0.000000e+00 0.000000e+00
0.000000e+00 0.000000e+00
-2.008367e+02 0.000000e+00
5.322216e+02 0.000000e+00
-2.004359e+02 0.000000e+00
POLES 5
-2.029324e+00 5.656243e+00
-2.029324e+00 -5.656243e+00
-1.385862e+01 0.000000e+00
-2.936207e+02 0.000000e+00
-2.444869e+02 0.000000e+00
CONSTANT 1.330217e+03

For channel TBK.MHE:
ZEROS 6
0.000000e+00 0.000000e+00
0.000000e+00 0.000000e+00
1.100774e-03 0.000000e+00
-2.855604e+02 0.000000e+00
5.651077e+02 0.000000e+00
POLES 5
-1.962522e+00 5.296159e+00
-1.962522e+00 -5.296159e+00
-3.236119e+00 0.000000e+00
-1.141578e+01 0.000000e+00
-2.539010e+02 0.000000e+00
CONSTANT 6.265896e+02

For channel TBK.MHZ:
ZEROS 6
0.000000e+00 0.000000e+00
0.000000e+00 0.000000e+00
7.753111e-04 0.000000e+00
3.334404e+02 0.000000e+00
-1.409954e+01 0.000000e+00
POLES 5
-1.820005e+00 4.516444e+00
-1.820005e+00 -4.516444e+00
-1.200086e+01 0.000000e+00
-3.017408e+00 0.000000e+00
-1.289586e+01 0.000000e+00
CONSTANT 9.709975e+02

